1 1 1 2 1
1 1 1 17 1
1 2 1 3 1
1 2 1 18 1
1 2 1 17 1
1 3 1 4 1
1 3 1 19 1
1 3 1 18 1
1 4 1 5 1
1 4 1 20 1
1 4 1 19 1
1 5 1 6 1
1 5 1 21 1
1 5 1 20 1
1 6 1 7 1
1 6 1 22 1
1 6 1 21 1
1 7 1 8 1
1 7 1 23 1
1 7 1 22 1
1 8 1 9 1
1 8 1 24 1
1 8 1 23 1
1 9 1 10 1
1 9 1 25 1
1 9 1 24 1
1 10 1 11 1
1 10 1 26 1
1 10 1 25 1
1 11 1 12 1
1 11 1 27 1
1 11 1 26 1
1 12 1 13 1
1 12 1 28 1
1 12 1 27 1
1 13 1 14 1
1 13 1 29 1
1 13 1 28 1
1 14 1 15 1
1 14 1 30 1
1 14 1 29 1
1 15 1 16 1
1 15 1 31 1
1 15 1 30 1
1 16 1 32 1
1 16 1 31 1
1 17 1 18 1
1 17 1 33 1
1 18 1 19 1
1 18 1 34 1
1 18 1 33 1
1 19 1 20 1
1 19 1 35 1
1 19 1 34 1
1 20 1 21 1
1 20 1 36 1
1 20 1 35 1
1 21 1 22 1
1 21 1 37 1
1 21 1 36 1
1 22 1 23 1
1 22 1 38 1
1 22 1 37 1
1 23 1 24 1
1 23 1 39 1
1 23 1 38 1
1 24 1 25 1
1 24 1 40 1
1 24 1 39 1
1 25 1 26 1
1 25 1 41 1
1 25 1 40 1
1 26 1 27 1
1 26 1 42 1
1 26 1 41 1
1 27 1 28 1
1 27 1 43 1
1 27 1 42 1
1 28 1 29 1
1 28 1 44 1
1 28 1 43 1
1 29 1 30 1
1 29 1 45 1
1 29 1 44 1
1 30 1 31 1
1 30 1 46 1
1 30 1 45 1
1 31 1 32 1
1 31 1 47 1
1 31 1 46 1
1 32 1 48 1
1 32 1 47 1
1 33 1 34 1
1 33 1 49 1
1 34 1 35 1
1 34 1 50 1
1 34 1 49 1
1 35 1 36 1
1 35 1 51 1
1 35 1 50 1
1 36 1 37 1
1 36 1 52 1
1 36 1 51 1
1 37 1 38 1
1 37 1 53 1
1 37 1 52 1
1 38 1 39 1
1 38 1 54 1
1 38 1 53 1
1 39 1 40 1
1 39 1 55 1
1 39 1 54 1
1 40 1 41 1
1 40 1 56 1
1 40 1 55 1
1 41 1 42 1
1 41 1 57 1
1 41 1 56 1
1 42 1 43 1
1 42 1 58 1
1 42 1 57 1
1 43 1 44 1
1 43 1 59 1
1 43 1 58 1
1 44 1 45 1
1 44 1 60 1
1 44 1 59 1
1 45 1 46 1
1 45 1 61 1
1 45 1 60 1
1 46 1 47 1
1 46 1 62 1
1 46 1 61 1
1 47 1 48 1
1 47 1 63 1
1 47 1 62 1
1 48 1 64 1
1 48 1 63 1
1 49 1 50 1
1 49 1 65 1
1 50 1 51 1
1 50 1 66 1
1 50 1 65 1
1 51 1 52 1
1 51 1 67 1
1 51 1 66 1
1 52 1 53 1
1 52 1 68 1
1 52 1 67 1
1 53 1 54 1
1 53 1 69 1
1 53 1 68 1
1 54 1 55 1
1 54 1 70 1
1 54 1 69 1
1 55 1 56 1
1 55 1 71 1
1 55 1 70 1
1 56 1 57 1
1 56 1 72 1
1 56 1 71 1
1 57 1 58 1
1 57 1 73 1
1 57 1 72 1
1 58 1 59 1
1 58 1 74 1
1 58 1 73 1
1 59 1 60 1
1 59 1 75 1
1 59 1 74 1
1 60 1 61 1
1 60 1 76 1
1 60 1 75 1
1 61 1 62 1
1 61 1 77 1
1 61 1 76 1
1 62 1 63 1
1 62 1 78 1
1 62 1 77 1
1 63 1 64 1
1 63 1 79 1
1 63 1 78 1
1 64 1 80 1
1 64 1 79 1
1 65 1 66 1
1 65 1 81 1
1 66 1 67 1
1 66 1 82 1
1 66 1 81 1
1 67 1 68 1
1 67 1 83 1
1 67 1 82 1
1 68 1 69 1
1 68 1 84 1
1 68 1 83 1
1 69 1 70 1
1 69 1 85 1
1 69 1 84 1
1 70 1 71 1
1 70 1 86 1
1 70 1 85 1
1 71 1 72 1
1 71 1 87 1
1 71 1 86 1
1 72 1 73 1
1 72 1 88 1
1 72 1 87 1
1 73 1 74 1
1 73 1 89 1
1 73 1 88 1
1 74 1 75 1
1 74 1 90 1
1 74 1 89 1
1 75 1 76 1
1 75 1 91 1
1 75 1 90 1
1 76 1 77 1
1 76 1 92 1
1 76 1 91 1
1 77 1 78 1
1 77 1 93 1
1 77 1 92 1
1 78 1 79 1
1 78 1 94 1
1 78 1 93 1
1 79 1 80 1
1 79 1 95 1
1 79 1 94 1
1 80 1 96 1
1 80 1 95 1
1 81 1 82 1
1 81 1 97 1
1 82 1 83 1
1 82 1 98 1
1 82 1 97 1
1 83 1 84 1
1 83 1 99 1
1 83 1 98 1
1 84 1 85 1
1 84 1 100 1
1 84 1 99 1
1 85 1 86 1
1 85 1 101 1
1 85 1 100 1
1 86 1 87 1
1 86 1 102 1
1 86 1 101 1
1 87 1 88 1
1 87 1 103 1
1 87 1 102 1
1 88 1 89 1
1 88 1 104 1
1 88 1 103 1
1 89 1 90 1
1 89 1 105 1
1 89 1 104 1
1 90 1 91 1
1 90 1 106 1
1 90 1 105 1
1 91 1 92 1
1 91 1 107 1
1 91 1 106 1
1 92 1 93 1
1 92 1 108 1
1 92 1 107 1
1 93 1 94 1
1 93 1 109 1
1 93 1 108 1
1 94 1 95 1
1 94 1 110 1
1 94 1 109 1
1 95 1 96 1
1 95 1 111 1
1 95 1 110 1
1 96 1 112 1
1 96 1 111 1
1 97 1 98 1
1 97 1 113 1
1 98 1 99 1
1 98 1 114 1
1 98 1 113 1
1 99 1 100 1
1 99 1 115 1
1 99 1 114 1
1 100 1 101 1
1 100 1 116 1
1 100 1 115 1
1 101 1 102 1
1 101 1 117 1
1 101 1 116 1
1 102 1 103 1
1 102 1 118 1
1 102 1 117 1
1 103 1 104 1
1 103 1 119 1
1 103 1 118 1
1 104 1 105 1
1 104 1 120 1
1 104 1 119 1
1 105 1 106 1
1 105 1 121 1
1 105 1 120 1
1 106 1 107 1
1 106 1 122 1
1 106 1 121 1
1 107 1 108 1
1 107 1 123 1
1 107 1 122 1
1 108 1 109 1
1 108 1 124 1
1 108 1 123 1
1 109 1 110 1
1 109 1 125 1
1 109 1 124 1
1 110 1 111 1
1 110 1 126 1
1 110 1 125 1
1 111 1 112 1
1 111 1 127 1
1 111 1 126 1
1 112 1 128 1
1 112 1 127 1
1 113 1 114 1
1 113 1 129 1
1 114 1 115 1
1 114 1 130 1
1 114 1 129 1
1 115 1 116 1
1 115 1 131 1
1 115 1 130 1
1 116 1 117 1
1 116 1 132 1
1 116 1 131 1
1 117 1 118 1
1 117 1 133 1
1 117 1 132 1
1 118 1 119 1
1 118 1 134 1
1 118 1 133 1
1 119 1 120 1
1 119 1 135 1
1 119 1 134 1
1 120 1 121 1
1 120 1 136 1
1 120 1 135 1
1 121 1 122 1
1 121 1 137 1
1 121 1 136 1
1 122 1 123 1
1 122 1 138 1
1 122 1 137 1
1 123 1 124 1
1 123 1 139 1
1 123 1 138 1
1 124 1 125 1
1 124 1 140 1
1 124 1 139 1
1 125 1 126 1
1 125 1 141 1
1 125 1 140 1
1 126 1 127 1
1 126 1 142 1
1 126 1 141 1
1 127 1 128 1
1 127 1 143 1
1 127 1 142 1
1 128 1 144 1
1 128 1 143 1
1 129 1 130 1
1 129 1 145 1
1 130 1 131 1
1 130 1 146 1
1 130 1 145 1
1 131 1 132 1
1 131 1 147 1
1 131 1 146 1
1 132 1 133 1
1 132 1 148 1
1 132 1 147 1
1 133 1 134 1
1 133 1 149 1
1 133 1 148 1
1 134 1 135 1
1 134 1 150 1
1 134 1 149 1
1 135 1 136 1
1 135 1 151 1
1 135 1 150 1
1 136 1 137 1
1 136 1 152 1
1 136 1 151 1
1 137 1 138 1
1 137 1 153 1
1 137 1 152 1
1 138 1 139 1
1 138 1 154 1
1 138 1 153 1
1 139 1 140 1
1 139 1 155 1
1 139 1 154 1
1 140 1 141 1
1 140 1 156 1
1 140 1 155 1
1 141 1 142 1
1 141 1 157 1
1 141 1 156 1
1 142 1 143 1
1 142 1 158 1
1 142 1 157 1
1 143 1 144 1
1 143 1 159 1
1 143 1 158 1
1 144 1 160 1
1 144 1 159 1
1 145 1 146 1
1 145 1 161 1
1 146 1 147 1
1 146 1 162 1
1 146 1 161 1
1 147 1 148 1
1 147 1 163 1
1 147 1 162 1
1 148 1 149 1
1 148 1 164 1
1 148 1 163 1
1 149 1 150 1
1 149 1 165 1
1 149 1 164 1
1 150 1 151 1
1 150 1 166 1
1 150 1 165 1
1 151 1 152 1
1 151 1 167 1
1 151 1 166 1
1 152 1 153 1
1 152 1 168 1
1 152 1 167 1
1 153 1 154 1
1 153 1 169 1
1 153 1 168 1
1 154 1 155 1
1 154 1 170 1
1 154 1 169 1
1 155 1 156 1
1 155 1 171 1
1 155 1 170 1
1 156 1 157 1
1 156 1 172 1
1 156 1 171 1
1 157 1 158 1
1 157 1 173 1
1 157 1 172 1
1 158 1 159 1
1 158 1 174 1
1 158 1 173 1
1 159 1 160 1
1 159 1 175 1
1 159 1 174 1
1 160 1 176 1
1 160 1 175 1
1 161 1 162 1
1 161 1 177 1
1 162 1 163 1
1 162 1 178 1
1 162 1 177 1
1 163 1 164 1
1 163 1 179 1
1 163 1 178 1
1 164 1 165 1
1 164 1 180 1
1 164 1 179 1
1 165 1 166 1
1 165 1 181 1
1 165 1 180 1
1 166 1 167 1
1 166 1 182 1
1 166 1 181 1
1 167 1 168 1
1 167 1 183 1
1 167 1 182 1
1 168 1 169 1
1 168 1 184 1
1 168 1 183 1
1 169 1 170 1
1 169 1 185 1
1 169 1 184 1
1 170 1 171 1
1 170 1 186 1
1 170 1 185 1
1 171 1 172 1
1 171 1 187 1
1 171 1 186 1
1 172 1 173 1
1 172 1 188 1
1 172 1 187 1
1 173 1 174 1
1 173 1 189 1
1 173 1 188 1
1 174 1 175 1
1 174 1 190 1
1 174 1 189 1
1 175 1 176 1
1 175 1 191 1
1 175 1 190 1
1 176 1 192 1
1 176 1 191 1
1 177 1 178 1
1 177 1 193 1
1 178 1 179 1
1 178 1 194 1
1 178 1 193 1
1 179 1 180 1
1 179 1 195 1
1 179 1 194 1
1 180 1 181 1
1 180 1 196 1
1 180 1 195 1
1 181 1 182 1
1 181 1 197 1
1 181 1 196 1
1 182 1 183 1
1 182 1 198 1
1 182 1 197 1
1 183 1 184 1
1 183 1 199 1
1 183 1 198 1
1 184 1 185 1
1 184 1 200 1
1 184 1 199 1
1 185 1 186 1
1 185 1 201 1
1 185 1 200 1
1 186 1 187 1
1 186 1 202 1
1 186 1 201 1
1 187 1 188 1
1 187 1 203 1
1 187 1 202 1
1 188 1 189 1
1 188 1 204 1
1 188 1 203 1
1 189 1 190 1
1 189 1 205 1
1 189 1 204 1
1 190 1 191 1
1 190 1 206 1
1 190 1 205 1
1 191 1 192 1
1 191 1 207 1
1 191 1 206 1
1 192 1 208 1
1 192 1 207 1
1 193 1 194 1
1 193 1 209 1
1 194 1 195 1
1 194 1 210 1
1 194 1 209 1
1 195 1 196 1
1 195 1 211 1
1 195 1 210 1
1 196 1 197 1
1 196 1 212 1
1 196 1 211 1
1 197 1 198 1
1 197 1 213 1
1 197 1 212 1
1 198 1 199 1
1 198 1 214 1
1 198 1 213 1
1 199 1 200 1
1 199 1 215 1
1 199 1 214 1
1 200 1 201 1
1 200 1 216 1
1 200 1 215 1
1 201 1 202 1
1 201 1 217 1
1 201 1 216 1
1 202 1 203 1
1 202 1 218 1
1 202 1 217 1
1 203 1 204 1
1 203 1 219 1
1 203 1 218 1
1 204 1 205 1
1 204 1 220 1
1 204 1 219 1
1 205 1 206 1
1 205 1 221 1
1 205 1 220 1
1 206 1 207 1
1 206 1 222 1
1 206 1 221 1
1 207 1 208 1
1 207 1 223 1
1 207 1 222 1
1 208 1 224 1
1 208 1 223 1
1 209 1 210 1
1 209 1 225 1
1 210 1 211 1
1 210 1 226 1
1 210 1 225 1
1 211 1 212 1
1 211 1 227 1
1 211 1 226 1
1 212 1 213 1
1 212 1 228 1
1 212 1 227 1
1 213 1 214 1
1 213 1 229 1
1 213 1 228 1
1 214 1 215 1
1 214 1 230 1
1 214 1 229 1
1 215 1 216 1
1 215 1 231 1
1 215 1 230 1
1 216 1 217 1
1 216 1 232 1
1 216 1 231 1
1 217 1 218 1
1 217 1 233 1
1 217 1 232 1
1 218 1 219 1
1 218 1 234 1
1 218 1 233 1
1 219 1 220 1
1 219 1 235 1
1 219 1 234 1
1 220 1 221 1
1 220 1 236 1
1 220 1 235 1
1 221 1 222 1
1 221 1 237 1
1 221 1 236 1
1 222 1 223 1
1 222 1 238 1
1 222 1 237 1
1 223 1 224 1
1 223 1 239 1
1 223 1 238 1
1 224 1 240 1
1 224 1 239 1
1 225 1 226 1
1 225 1 241 1
1 226 1 227 1
1 226 1 242 1
1 226 1 241 1
1 227 1 228 1
1 227 1 243 1
1 227 1 242 1
1 228 1 229 1
1 228 1 244 1
1 228 1 243 1
1 229 1 230 1
1 229 1 245 1
1 229 1 244 1
1 230 1 231 1
1 230 1 246 1
1 230 1 245 1
1 231 1 232 1
1 231 1 247 1
1 231 1 246 1
1 232 1 233 1
1 232 1 248 1
1 232 1 247 1
1 233 1 234 1
1 233 1 249 1
1 233 1 248 1
1 234 1 235 1
1 234 1 250 1
1 234 1 249 1
1 235 1 236 1
1 235 1 251 1
1 235 1 250 1
1 236 1 237 1
1 236 1 252 1
1 236 1 251 1
1 237 1 238 1
1 237 1 253 1
1 237 1 252 1
1 238 1 239 1
1 238 1 254 1
1 238 1 253 1
1 239 1 240 1
1 239 1 255 1
1 239 1 254 1
1 240 1 256 1
1 240 1 255 1
1 241 1 242 1
1 242 1 243 1
1 243 1 244 1
1 244 1 245 1
1 245 1 246 1
1 246 1 247 1
1 247 1 248 1
1 248 1 249 1
1 249 1 250 1
1 250 1 251 1
1 251 1 252 1
1 252 1 253 1
1 253 1 254 1
1 254 1 255 1
1 255 1 256 1
