1 1 1 33 1
1 4 1 3 1
1 4 1 36 1
1 7 1 6 1
1 7 1 39 1
1 10 1 9 1
1 10 1 42 1
1 13 1 12 1
1 13 1 45 1
1 16 1 15 1
1 16 1 48 1
1 19 1 18 1
1 19 1 51 1
1 22 1 21 1
1 22 1 54 1
1 25 1 24 1
1 25 1 57 1
1 28 1 27 1
1 28 1 60 1
1 31 1 30 1
1 31 1 63 1
1 34 1 33 1
1 34 1 66 1
1 34 1 3 1
1 37 1 36 1
1 37 1 69 1
1 37 1 6 1
1 40 1 39 1
1 40 1 72 1
1 40 1 9 1
1 43 1 42 1
1 43 1 75 1
1 43 1 12 1
1 46 1 45 1
1 46 1 78 1
1 46 1 15 1
1 49 1 48 1
1 49 1 81 1
1 49 1 18 1
1 52 1 51 1
1 52 1 84 1
1 52 1 21 1
1 55 1 54 1
1 55 1 87 1
1 55 1 24 1
1 58 1 57 1
1 58 1 90 1
1 58 1 27 1
1 61 1 60 1
1 61 1 93 1
1 61 1 30 1
1 64 1 63 1
1 64 1 96 1
1 67 1 66 1
1 67 1 99 1
1 67 1 36 1
1 70 1 69 1
1 70 1 102 1
1 70 1 39 1
1 73 1 72 1
1 73 1 105 1
1 73 1 42 1
1 76 1 75 1
1 76 1 108 1
1 76 1 45 1
1 79 1 78 1
1 79 1 111 1
1 79 1 48 1
1 82 1 81 1
1 82 1 114 1
1 82 1 51 1
1 85 1 84 1
1 85 1 117 1
1 85 1 54 1
1 88 1 87 1
1 88 1 120 1
1 88 1 57 1
1 91 1 90 1
1 91 1 123 1
1 91 1 60 1
1 94 1 93 1
1 94 1 126 1
1 94 1 63 1
1 97 1 129 1
1 97 1 66 1
1 100 1 99 1
1 100 1 132 1
1 100 1 69 1
1 103 1 102 1
1 103 1 135 1
1 103 1 72 1
1 106 1 105 1
1 106 1 138 1
1 106 1 75 1
1 109 1 108 1
1 109 1 141 1
1 109 1 78 1
1 112 1 111 1
1 112 1 144 1
1 112 1 81 1
1 115 1 114 1
1 115 1 147 1
1 115 1 84 1
1 118 1 117 1
1 118 1 150 1
1 118 1 87 1
1 121 1 120 1
1 121 1 153 1
1 121 1 90 1
1 124 1 123 1
1 124 1 156 1
1 124 1 93 1
1 127 1 126 1
1 127 1 159 1
1 127 1 96 1
1 130 1 129 1
1 130 1 162 1
1 130 1 99 1
1 133 1 132 1
1 133 1 165 1
1 133 1 102 1
1 136 1 135 1
1 136 1 168 1
1 136 1 105 1
1 139 1 138 1
1 139 1 171 1
1 139 1 108 1
1 142 1 141 1
1 142 1 174 1
1 142 1 111 1
1 145 1 144 1
1 145 1 177 1
1 145 1 114 1
1 148 1 147 1
1 148 1 180 1
1 148 1 117 1
1 151 1 150 1
1 151 1 183 1
1 151 1 120 1
1 154 1 153 1
1 154 1 186 1
1 154 1 123 1
1 157 1 156 1
1 157 1 189 1
1 157 1 126 1
1 160 1 159 1
1 160 1 192 1
1 163 1 162 1
1 163 1 195 1
1 163 1 132 1
1 166 1 165 1
1 166 1 198 1
1 166 1 135 1
1 169 1 168 1
1 169 1 201 1
1 169 1 138 1
1 172 1 171 1
1 172 1 204 1
1 172 1 141 1
1 175 1 174 1
1 175 1 207 1
1 175 1 144 1
1 178 1 177 1
1 178 1 210 1
1 178 1 147 1
1 181 1 180 1
1 181 1 213 1
1 181 1 150 1
1 184 1 183 1
1 184 1 216 1
1 184 1 153 1
1 187 1 186 1
1 187 1 219 1
1 187 1 156 1
1 190 1 189 1
1 190 1 222 1
1 190 1 159 1
1 193 1 225 1
1 193 1 162 1
1 196 1 195 1
1 196 1 228 1
1 196 1 165 1
1 199 1 198 1
1 199 1 231 1
1 199 1 168 1
1 202 1 201 1
1 202 1 234 1
1 202 1 171 1
1 205 1 204 1
1 205 1 237 1
1 205 1 174 1
1 208 1 207 1
1 208 1 240 1
1 208 1 177 1
1 211 1 210 1
1 211 1 243 1
1 211 1 180 1
1 214 1 213 1
1 214 1 246 1
1 214 1 183 1
1 217 1 216 1
1 217 1 249 1
1 217 1 186 1
1 220 1 219 1
1 220 1 252 1
1 220 1 189 1
1 223 1 222 1
1 223 1 255 1
1 223 1 192 1
1 226 1 225 1
1 226 1 258 1
1 226 1 195 1
1 229 1 228 1
1 229 1 261 1
1 229 1 198 1
1 232 1 231 1
1 232 1 264 1
1 232 1 201 1
1 235 1 234 1
1 235 1 267 1
1 235 1 204 1
1 238 1 237 1
1 238 1 270 1
1 238 1 207 1
1 241 1 240 1
1 241 1 273 1
1 241 1 210 1
1 244 1 243 1
1 244 1 276 1
1 244 1 213 1
1 247 1 246 1
1 247 1 279 1
1 247 1 216 1
1 250 1 249 1
1 250 1 282 1
1 250 1 219 1
1 253 1 252 1
1 253 1 285 1
1 253 1 222 1
1 256 1 255 1
1 256 1 288 1
1 259 1 258 1
1 259 1 291 1
1 259 1 228 1
1 262 1 261 1
1 262 1 294 1
1 262 1 231 1
1 265 1 264 1
1 265 1 297 1
1 265 1 234 1
1 268 1 267 1
1 268 1 300 1
1 268 1 237 1
1 271 1 270 1
1 271 1 303 1
1 271 1 240 1
1 274 1 273 1
1 274 1 306 1
1 274 1 243 1
1 277 1 276 1
1 277 1 309 1
1 277 1 246 1
1 280 1 279 1
1 280 1 312 1
1 280 1 249 1
1 283 1 282 1
1 283 1 315 1
1 283 1 252 1
1 286 1 285 1
1 286 1 318 1
1 286 1 255 1
1 289 1 321 1
1 289 1 258 1
1 292 1 291 1
1 292 1 324 1
1 292 1 261 1
1 295 1 294 1
1 295 1 327 1
1 295 1 264 1
1 298 1 297 1
1 298 1 330 1
1 298 1 267 1
1 301 1 300 1
1 301 1 333 1
1 301 1 270 1
1 304 1 303 1
1 304 1 336 1
1 304 1 273 1
1 307 1 306 1
1 307 1 339 1
1 307 1 276 1
1 310 1 309 1
1 310 1 342 1
1 310 1 279 1
1 313 1 312 1
1 313 1 345 1
1 313 1 282 1
1 316 1 315 1
1 316 1 348 1
1 316 1 285 1
1 319 1 318 1
1 319 1 351 1
1 319 1 288 1
1 322 1 321 1
1 322 1 354 1
1 322 1 291 1
1 325 1 324 1
1 325 1 357 1
1 325 1 294 1
1 328 1 327 1
1 328 1 360 1
1 328 1 297 1
1 331 1 330 1
1 331 1 363 1
1 331 1 300 1
1 334 1 333 1
1 334 1 366 1
1 334 1 303 1
1 337 1 336 1
1 337 1 369 1
1 337 1 306 1
1 340 1 339 1
1 340 1 372 1
1 340 1 309 1
1 343 1 342 1
1 343 1 375 1
1 343 1 312 1
1 346 1 345 1
1 346 1 378 1
1 346 1 315 1
1 349 1 348 1
1 349 1 381 1
1 349 1 318 1
1 352 1 351 1
1 352 1 384 1
1 355 1 354 1
1 355 1 387 1
1 355 1 324 1
1 358 1 357 1
1 358 1 390 1
1 358 1 327 1
1 361 1 360 1
1 361 1 393 1
1 361 1 330 1
1 364 1 363 1
1 364 1 396 1
1 364 1 333 1
1 367 1 366 1
1 367 1 399 1
1 367 1 336 1
1 370 1 369 1
1 370 1 402 1
1 370 1 339 1
1 373 1 372 1
1 373 1 405 1
1 373 1 342 1
1 376 1 375 1
1 376 1 408 1
1 376 1 345 1
1 379 1 378 1
1 379 1 411 1
1 379 1 348 1
1 382 1 381 1
1 382 1 414 1
1 382 1 351 1
1 385 1 417 1
1 385 1 354 1
1 388 1 387 1
1 388 1 420 1
1 388 1 357 1
1 391 1 390 1
1 391 1 423 1
1 391 1 360 1
1 394 1 393 1
1 394 1 426 1
1 394 1 363 1
1 397 1 396 1
1 397 1 429 1
1 397 1 366 1
1 400 1 399 1
1 400 1 432 1
1 400 1 369 1
1 403 1 402 1
1 403 1 435 1
1 403 1 372 1
1 406 1 405 1
1 406 1 438 1
1 406 1 375 1
1 409 1 408 1
1 409 1 441 1
1 409 1 378 1
1 412 1 411 1
1 412 1 444 1
1 412 1 381 1
1 415 1 414 1
1 415 1 447 1
1 415 1 384 1
1 418 1 417 1
1 418 1 450 1
1 418 1 387 1
1 421 1 420 1
1 421 1 453 1
1 421 1 390 1
1 424 1 423 1
1 424 1 456 1
1 424 1 393 1
1 427 1 426 1
1 427 1 459 1
1 427 1 396 1
1 430 1 429 1
1 430 1 462 1
1 430 1 399 1
1 433 1 432 1
1 433 1 465 1
1 433 1 402 1
1 436 1 435 1
1 436 1 468 1
1 436 1 405 1
1 439 1 438 1
1 439 1 471 1
1 439 1 408 1
1 442 1 441 1
1 442 1 474 1
1 442 1 411 1
1 445 1 444 1
1 445 1 477 1
1 445 1 414 1
1 448 1 447 1
1 448 1 480 1
1 451 1 450 1
1 451 1 483 1
1 451 1 420 1
1 454 1 453 1
1 454 1 486 1
1 454 1 423 1
1 457 1 456 1
1 457 1 489 1
1 457 1 426 1
1 460 1 459 1
1 460 1 492 1
1 460 1 429 1
1 463 1 462 1
1 463 1 495 1
1 463 1 432 1
1 466 1 465 1
1 466 1 498 1
1 466 1 435 1
1 469 1 468 1
1 469 1 501 1
1 469 1 438 1
1 472 1 471 1
1 472 1 504 1
1 472 1 441 1
1 475 1 474 1
1 475 1 507 1
1 475 1 444 1
1 478 1 477 1
1 478 1 510 1
1 478 1 447 1
1 481 1 513 1
1 481 1 450 1
1 484 1 483 1
1 484 1 516 1
1 484 1 453 1
1 487 1 486 1
1 487 1 519 1
1 487 1 456 1
1 490 1 489 1
1 490 1 522 1
1 490 1 459 1
1 493 1 492 1
1 493 1 525 1
1 493 1 462 1
1 496 1 495 1
1 496 1 528 1
1 496 1 465 1
1 499 1 498 1
1 499 1 531 1
1 499 1 468 1
1 502 1 501 1
1 502 1 534 1
1 502 1 471 1
1 505 1 504 1
1 505 1 537 1
1 505 1 474 1
1 508 1 507 1
1 508 1 540 1
1 508 1 477 1
1 511 1 510 1
1 511 1 543 1
1 511 1 480 1
1 514 1 513 1
1 514 1 546 1
1 514 1 483 1
1 517 1 516 1
1 517 1 549 1
1 517 1 486 1
1 520 1 519 1
1 520 1 552 1
1 520 1 489 1
1 523 1 522 1
1 523 1 555 1
1 523 1 492 1
1 526 1 525 1
1 526 1 558 1
1 526 1 495 1
1 529 1 528 1
1 529 1 561 1
1 529 1 498 1
1 532 1 531 1
1 532 1 564 1
1 532 1 501 1
1 535 1 534 1
1 535 1 567 1
1 535 1 504 1
1 538 1 537 1
1 538 1 570 1
1 538 1 507 1
1 541 1 540 1
1 541 1 573 1
1 541 1 510 1
1 544 1 543 1
1 544 1 576 1
1 547 1 546 1
1 547 1 579 1
1 547 1 516 1
1 550 1 549 1
1 550 1 582 1
1 550 1 519 1
1 553 1 552 1
1 553 1 585 1
1 553 1 522 1
1 556 1 555 1
1 556 1 588 1
1 556 1 525 1
1 559 1 558 1
1 559 1 591 1
1 559 1 528 1
1 562 1 561 1
1 562 1 594 1
1 562 1 531 1
1 565 1 564 1
1 565 1 597 1
1 565 1 534 1
1 568 1 567 1
1 568 1 600 1
1 568 1 537 1
1 571 1 570 1
1 571 1 603 1
1 571 1 540 1
1 574 1 573 1
1 574 1 606 1
1 574 1 543 1
1 577 1 609 1
1 577 1 546 1
1 580 1 579 1
1 580 1 612 1
1 580 1 549 1
1 583 1 582 1
1 583 1 615 1
1 583 1 552 1
1 586 1 585 1
1 586 1 618 1
1 586 1 555 1
1 589 1 588 1
1 589 1 621 1
1 589 1 558 1
1 592 1 591 1
1 592 1 624 1
1 592 1 561 1
1 595 1 594 1
1 595 1 627 1
1 595 1 564 1
1 598 1 597 1
1 598 1 630 1
1 598 1 567 1
1 601 1 600 1
1 601 1 633 1
1 601 1 570 1
1 604 1 603 1
1 604 1 636 1
1 604 1 573 1
1 607 1 606 1
1 607 1 639 1
1 607 1 576 1
1 610 1 609 1
1 610 1 642 1
1 610 1 579 1
1 613 1 612 1
1 613 1 645 1
1 613 1 582 1
1 616 1 615 1
1 616 1 648 1
1 616 1 585 1
1 619 1 618 1
1 619 1 651 1
1 619 1 588 1
1 622 1 621 1
1 622 1 654 1
1 622 1 591 1
1 625 1 624 1
1 625 1 657 1
1 625 1 594 1
1 628 1 627 1
1 628 1 660 1
1 628 1 597 1
1 631 1 630 1
1 631 1 663 1
1 631 1 600 1
1 634 1 633 1
1 634 1 666 1
1 634 1 603 1
1 637 1 636 1
1 637 1 669 1
1 637 1 606 1
1 640 1 639 1
1 640 1 672 1
1 643 1 642 1
1 643 1 675 1
1 643 1 612 1
1 646 1 645 1
1 646 1 678 1
1 646 1 615 1
1 649 1 648 1
1 649 1 681 1
1 649 1 618 1
1 652 1 651 1
1 652 1 684 1
1 652 1 621 1
1 655 1 654 1
1 655 1 687 1
1 655 1 624 1
1 658 1 657 1
1 658 1 690 1
1 658 1 627 1
1 661 1 660 1
1 661 1 693 1
1 661 1 630 1
1 664 1 663 1
1 664 1 696 1
1 664 1 633 1
1 667 1 666 1
1 667 1 699 1
1 667 1 636 1
1 670 1 669 1
1 670 1 702 1
1 670 1 639 1
1 673 1 705 1
1 673 1 642 1
1 676 1 675 1
1 676 1 708 1
1 676 1 645 1
1 679 1 678 1
1 679 1 711 1
1 679 1 648 1
1 682 1 681 1
1 682 1 714 1
1 682 1 651 1
1 685 1 684 1
1 685 1 717 1
1 685 1 654 1
1 688 1 687 1
1 688 1 720 1
1 688 1 657 1
1 691 1 690 1
1 691 1 723 1
1 691 1 660 1
1 694 1 693 1
1 694 1 726 1
1 694 1 663 1
1 697 1 696 1
1 697 1 729 1
1 697 1 666 1
1 700 1 699 1
1 700 1 732 1
1 700 1 669 1
1 703 1 702 1
1 703 1 735 1
1 703 1 672 1
1 706 1 705 1
1 706 1 738 1
1 706 1 675 1
1 709 1 708 1
1 709 1 741 1
1 709 1 678 1
1 712 1 711 1
1 712 1 744 1
1 712 1 681 1
1 715 1 714 1
1 715 1 747 1
1 715 1 684 1
1 718 1 717 1
1 718 1 750 1
1 718 1 687 1
1 721 1 720 1
1 721 1 753 1
1 721 1 690 1
1 724 1 723 1
1 724 1 756 1
1 724 1 693 1
1 727 1 726 1
1 727 1 759 1
1 727 1 696 1
1 730 1 729 1
1 730 1 762 1
1 730 1 699 1
1 733 1 732 1
1 733 1 765 1
1 733 1 702 1
1 736 1 735 1
1 736 1 768 1
1 739 1 738 1
1 739 1 771 1
1 739 1 708 1
1 742 1 741 1
1 742 1 774 1
1 742 1 711 1
1 745 1 744 1
1 745 1 777 1
1 745 1 714 1
1 748 1 747 1
1 748 1 780 1
1 748 1 717 1
1 751 1 750 1
1 751 1 783 1
1 751 1 720 1
1 754 1 753 1
1 754 1 786 1
1 754 1 723 1
1 757 1 756 1
1 757 1 789 1
1 757 1 726 1
1 760 1 759 1
1 760 1 792 1
1 760 1 729 1
1 763 1 762 1
1 763 1 795 1
1 763 1 732 1
1 766 1 765 1
1 766 1 798 1
1 766 1 735 1
1 769 1 801 1
1 769 1 738 1
1 772 1 771 1
1 772 1 804 1
1 772 1 741 1
1 775 1 774 1
1 775 1 807 1
1 775 1 744 1
1 778 1 777 1
1 778 1 810 1
1 778 1 747 1
1 781 1 780 1
1 781 1 813 1
1 781 1 750 1
1 784 1 783 1
1 784 1 816 1
1 784 1 753 1
1 787 1 786 1
1 787 1 819 1
1 787 1 756 1
1 790 1 789 1
1 790 1 822 1
1 790 1 759 1
1 793 1 792 1
1 793 1 825 1
1 793 1 762 1
1 796 1 795 1
1 796 1 828 1
1 796 1 765 1
1 799 1 798 1
1 799 1 831 1
1 799 1 768 1
1 802 1 801 1
1 802 1 834 1
1 802 1 771 1
1 805 1 804 1
1 805 1 837 1
1 805 1 774 1
1 808 1 807 1
1 808 1 840 1
1 808 1 777 1
1 811 1 810 1
1 811 1 843 1
1 811 1 780 1
1 814 1 813 1
1 814 1 846 1
1 814 1 783 1
1 817 1 816 1
1 817 1 849 1
1 817 1 786 1
1 820 1 819 1
1 820 1 852 1
1 820 1 789 1
1 823 1 822 1
1 823 1 855 1
1 823 1 792 1
1 826 1 825 1
1 826 1 858 1
1 826 1 795 1
1 829 1 828 1
1 829 1 861 1
1 829 1 798 1
1 832 1 831 1
1 832 1 864 1
1 835 1 834 1
1 835 1 867 1
1 835 1 804 1
1 838 1 837 1
1 838 1 870 1
1 838 1 807 1
1 841 1 840 1
1 841 1 873 1
1 841 1 810 1
1 844 1 843 1
1 844 1 876 1
1 844 1 813 1
1 847 1 846 1
1 847 1 879 1
1 847 1 816 1
1 850 1 849 1
1 850 1 882 1
1 850 1 819 1
1 853 1 852 1
1 853 1 885 1
1 853 1 822 1
1 856 1 855 1
1 856 1 888 1
1 856 1 825 1
1 859 1 858 1
1 859 1 891 1
1 859 1 828 1
1 862 1 861 1
1 862 1 894 1
1 862 1 831 1
1 865 1 897 1
1 865 1 834 1
1 868 1 867 1
1 868 1 900 1
1 868 1 837 1
1 871 1 870 1
1 871 1 903 1
1 871 1 840 1
1 874 1 873 1
1 874 1 906 1
1 874 1 843 1
1 877 1 876 1
1 877 1 909 1
1 877 1 846 1
1 880 1 879 1
1 880 1 912 1
1 880 1 849 1
1 883 1 882 1
1 883 1 915 1
1 883 1 852 1
1 886 1 885 1
1 886 1 918 1
1 886 1 855 1
1 889 1 888 1
1 889 1 921 1
1 889 1 858 1
1 892 1 891 1
1 892 1 924 1
1 892 1 861 1
1 895 1 894 1
1 895 1 927 1
1 895 1 864 1
1 898 1 897 1
1 898 1 930 1
1 898 1 867 1
1 901 1 900 1
1 901 1 933 1
1 901 1 870 1
1 904 1 903 1
1 904 1 936 1
1 904 1 873 1
1 907 1 906 1
1 907 1 939 1
1 907 1 876 1
1 910 1 909 1
1 910 1 942 1
1 910 1 879 1
1 913 1 912 1
1 913 1 945 1
1 913 1 882 1
1 916 1 915 1
1 916 1 948 1
1 916 1 885 1
1 919 1 918 1
1 919 1 951 1
1 919 1 888 1
1 922 1 921 1
1 922 1 954 1
1 922 1 891 1
1 925 1 924 1
1 925 1 957 1
1 925 1 894 1
1 928 1 927 1
1 928 1 960 1
1 931 1 930 1
1 931 1 963 1
1 931 1 900 1
1 934 1 933 1
1 934 1 966 1
1 934 1 903 1
1 937 1 936 1
1 937 1 969 1
1 937 1 906 1
1 940 1 939 1
1 940 1 972 1
1 940 1 909 1
1 943 1 942 1
1 943 1 975 1
1 943 1 912 1
1 946 1 945 1
1 946 1 978 1
1 946 1 915 1
1 949 1 948 1
1 949 1 981 1
1 949 1 918 1
1 952 1 951 1
1 952 1 984 1
1 952 1 921 1
1 955 1 954 1
1 955 1 987 1
1 955 1 924 1
1 958 1 957 1
1 958 1 990 1
1 958 1 927 1
1 961 1 993 1
1 961 1 930 1
1 964 1 963 1
1 964 1 996 1
1 964 1 933 1
1 967 1 966 1
1 967 1 999 1
1 967 1 936 1
1 970 1 969 1
1 970 1 1002 1
1 970 1 939 1
1 973 1 972 1
1 973 1 1005 1
1 973 1 942 1
1 976 1 975 1
1 976 1 1008 1
1 976 1 945 1
1 979 1 978 1
1 979 1 1011 1
1 979 1 948 1
1 982 1 981 1
1 982 1 1014 1
1 982 1 951 1
1 985 1 984 1
1 985 1 1017 1
1 985 1 954 1
1 988 1 987 1
1 988 1 1020 1
1 988 1 957 1
1 991 1 990 1
1 991 1 1023 1
1 991 1 960 1
1 994 1 993 1
1 994 1 963 1
1 997 1 996 1
1 997 1 966 1
1 1000 1 999 1
1 1000 1 969 1
1 1003 1 1002 1
1 1003 1 972 1
1 1006 1 1005 1
1 1006 1 975 1
1 1009 1 1008 1
1 1009 1 978 1
1 1012 1 1011 1
1 1012 1 981 1
1 1015 1 1014 1
1 1015 1 984 1
1 1018 1 1017 1
1 1018 1 987 1
1 1021 1 1020 1
1 1021 1 990 1
1 1024 1 1023 1
